-1.0E-01	-2.0E-01	-3.0E-01	-4.0E-01	-4.9E-01	-5.9E-01	-6.8E-01	-7.8E-01	-8.7E-01	-9.6E-01	-1.8E+00	-2.6E+00	-3.3E+00	-4.0E+00
-1.0E-01	-2.0E-01	-3.0E-01	-3.9E-01	-4.9E-01	-5.8E-01	-6.7E-01	-7.6E-01	-8.5E-01	-9.3E-01	-1.7E+00	-2.5E+00	-3.2E+00	-3.9E+00
-1.0E-01	-2.0E-01	-3.0E-01	-3.9E-01	-4.8E-01	-5.7E-01	-6.5E-01	-7.3E-01	-8.1E-01	-9.0E-01	-1.7E+00	-2.4E+00	-3.1E+00	-3.7E+00
-1.0E-01	-2.0E-01	-2.9E-01	-3.8E-01	-4.6E-01	-5.4E-01	-6.2E-01	-7.0E-01	-7.8E-01	-8.5E-01	-1.6E+00	-2.3E+00	-2.9E+00	-3.6E+00
-9.9E-02	-1.9E-01	-2.8E-01	-3.6E-01	-4.3E-01	-5.1E-01	-5.8E-01	-6.6E-01	-7.3E-01	-8.0E-01	-1.5E+00	-2.1E+00	-2.8E+00	-3.4E+00
-9.6E-02	-1.8E-01	-2.6E-01	-3.3E-01	-4.0E-01	-4.7E-01	-5.4E-01	-6.0E-01	-6.7E-01	-7.4E-01	-1.4E+00	-2.0E+00	-2.7E+00	-3.3E+00
-8.7E-02	-1.6E-01	-2.3E-01	-2.9E-01	-3.6E-01	-4.2E-01	-4.8E-01	-5.5E-01	-6.1E-01	-6.7E-01	-1.3E+00	-1.9E+00	-2.5E+00	-3.1E+00
-7.2E-02	-1.3E-01	-1.9E-01	-2.5E-01	-3.1E-01	-3.7E-01	-4.3E-01	-4.9E-01	-5.5E-01	-6.1E-01	-1.2E+00	-1.8E+00	-2.4E+00	-3.0E+00
-5.1E-02	-1.0E-01	-1.6E-01	-2.1E-01	-2.7E-01	-3.2E-01	-3.7E-01	-4.3E-01	-4.9E-01	-5.4E-01	-1.1E+00	-1.7E+00	-2.3E+00	-2.9E+00
-3.2E-02	-7.5E-02	-1.2E-01	-1.7E-01	-2.2E-01	-2.7E-01	-3.2E-01	-3.7E-01	-4.2E-01	-4.8E-01	-1.0E+00	-1.6E+00	-2.2E+00	-2.7E+00
-1.7E-02	-5.1E-02	-9.1E-02	-1.3E-01	-1.8E-01	-2.2E-01	-2.7E-01	-3.2E-01	-3.7E-01	-4.2E-01	-9.3E-01	-1.5E+00	-2.0E+00	-2.6E+00
-7.5E-03	-3.2E-02	-6.5E-02	-1.0E-01	-1.4E-01	-1.8E-01	-2.2E-01	-2.7E-01	-3.1E-01	-3.6E-01	-8.5E-01	-1.4E+00	-1.9E+00	-2.5E+00
-3.0E-03	-1.9E-02	-4.4E-02	-7.5E-02	-1.1E-01	-1.5E-01	-1.8E-01	-2.2E-01	-2.7E-01	-3.1E-01	-7.8E-01	-1.3E+00	-1.8E+00	-2.4E+00
-1.0E-03	-1.1E-02	-2.9E-02	-5.4E-02	-8.3E-02	-1.1E-01	-1.5E-01	-1.9E-01	-2.2E-01	-2.6E-01	-7.0E-01	-1.2E+00	-1.7E+00	-2.2E+00
-3.2E-04	-5.7E-03	-1.9E-02	-3.8E-02	-6.2E-02	-8.9E-02	-1.2E-01	-1.5E-01	-1.9E-01	-2.2E-01	-6.4E-01	-1.1E+00	-1.6E+00	-2.1E+00
-8.8E-05	-2.9E-03	-1.2E-02	-2.6E-02	-4.5E-02	-6.9E-02	-9.5E-02	-1.2E-01	-1.5E-01	-1.9E-01	-5.8E-01	-1.0E+00	-1.5E+00	-2.0E+00